0	121
1	31
2	18
3	24
4	35
5	20
6	22
7	32
8	21
9	27
10	34
11	27
12	24
13	28
14	23
15	19
16	32
17	27
18	20
19	24
20	21
21	22
22	26
23	32
24	21
25	19
26	18
27	25
28	22
29	21
30	34
31	32
32	38
33	25
34	28
35	19
36	22
37	26
38	32
39	38
40	26
41	24
42	20
43	26
44	27
45	32
46	25
47	19
48	22
49	24
50	19
51	24
52	20
53	32
54	27
55	23
56	21
57	21
58	27
59	21
60	30
61	21
62	21
63	18
64	23
65	25
66	26
67	25
68	25
69	25
70	35
71	32
72	17
73	34
74	16
75	20
76	28
77	28
78	18
79	27
80	33
81	20
82	33
83	25
84	19
85	28
86	20
87	27
88	22
89	24
90	29
91	19
92	22
93	29
94	28
95	31
96	23
97	20
98	27
99	23
100	31
101	21
102	21
103	20
104	22
105	27
106	26
107	21
108	25
109	34
110	20
111	23
112	31
113	20
114	32
115	19
116	24
117	31
118	33
119	30
120	19
121	24
122	25
123	28
124	26
125	21
126	22
127	16
128	35
129	21
130	32
131	25
132	22
133	24
134	19
135	19
136	25
137	29
138	26
139	18
140	33
141	28
142	33
143	28
144	20
145	28
146	28
147	22
148	21
149	27
150	34
151	24
152	29
153	23
154	25
155	24
156	27
157	28
158	20
159	23
160	21
161	20
162	31
163	21
164	19
165	23
166	23
167	23
168	30
169	23
170	18
171	21
172	29
173	30
174	26
175	27
176	27
177	36
178	22
179	33
180	26
181	24
182	21
183	21
184	31
185	27
186	29
187	25
188	28
189	28
190	35
191	24
192	18
193	33
194	22
195	27
196	16
197	22
198	27
199	24
200	26
201	28
202	19
203	21
204	22
205	21
206	21
207	23
208	20
209	29
210	17
211	29
212	34
213	23
214	23
215	18
216	23
217	29
218	12
219	13
220	18
221	32
222	24
223	25
224	27
225	25
226	27
227	22
228	24
229	23
230	21
231	25
232	21
233	28
234	23
235	32
236	26
237	26
238	27
239	28
240	16
241	24
242	24
243	22
244	28
245	28
246	17
247	25
248	28
249	34
250	21
251	30
252	29
253	29
254	22
255	31
