0	113
1	25
2	28
3	16
4	24
5	18
6	28
7	27
8	30
9	32
10	22
11	24
12	33
13	29
14	12
15	24
16	22
17	30
18	23
19	25
20	25
21	24
22	31
23	25
24	25
25	23
26	16
27	29
28	20
29	26
30	23
31	23
32	27
33	27
34	31
35	28
36	20
37	18
38	28
39	30
40	22
41	31
42	23
43	23
44	25
45	15
46	23
47	23
48	25
49	25
50	25
51	21
52	25
53	17
54	27
55	21
56	28
57	25
58	18
59	25
60	29
61	28
62	34
63	28
64	17
65	30
66	31
67	32
68	30
69	27
70	28
71	19
72	26
73	18
74	21
75	33
76	24
77	18
78	26
79	22
80	26
81	28
82	22
83	18
84	20
85	30
86	17
87	30
88	27
89	30
90	25
91	30
92	27
93	25
94	21
95	21
96	27
97	26
98	24
99	19
100	27
101	28
102	25
103	25
104	27
105	20
106	29
107	23
108	21
109	29
110	17
111	27
112	25
113	21
114	27
115	19
116	26
117	26
118	21
119	28
120	30
121	22
122	26
123	22
124	28
125	34
126	23
127	25
128	31
129	30
130	31
131	31
132	27
133	21
134	23
135	25
136	34
137	17
138	27
139	24
140	26
141	21
142	24
143	24
144	25
145	18
146	19
147	20
148	24
149	22
150	26
151	26
152	23
153	23
154	20
155	20
156	27
157	24
158	24
159	25
160	26
161	20
162	25
163	25
164	29
165	22
166	22
167	19
168	29
169	21
170	30
171	22
172	24
173	34
174	29
175	20
176	29
177	25
178	16
179	30
180	34
181	29
182	26
183	27
184	33
185	32
186	29
187	29
188	28
189	17
190	27
191	24
192	34
193	20
194	22
195	26
196	29
197	27
198	22
199	27
200	27
201	32
202	26
203	31
204	18
205	26
206	23
207	19
208	22
209	27
210	18
211	30
212	25
213	27
214	27
215	24
216	13
217	35
218	25
219	35
220	17
221	24
222	25
223	27
224	32
225	27
226	30
227	29
228	20
229	31
230	25
231	23
232	26
233	19
234	20
235	34
236	18
237	19
238	29
239	11
240	30
241	28
242	27
243	17
244	27
245	24
246	29
247	26
248	27
249	33
250	18
251	31
252	33
253	24
254	27
255	29
