0	98
1	24
2	28
3	22
4	35
5	17
6	25
7	28
8	23
9	31
10	30
11	29
12	12
13	24
14	32
15	28
16	19
17	26
18	27
19	23
20	21
21	21
22	18
23	31
24	21
25	24
26	25
27	25
28	30
29	25
30	27
31	22
32	24
33	23
34	24
35	23
36	27
37	28
38	23
39	20
40	27
41	22
42	23
43	19
44	19
45	29
46	29
47	23
48	26
49	21
50	23
51	19
52	25
53	28
54	22
55	30
56	18
57	33
58	27
59	25
60	20
61	22
62	23
63	29
64	29
65	28
66	31
67	25
68	18
69	29
70	40
71	28
72	29
73	21
74	36
75	21
76	22
77	33
78	18
79	26
80	33
81	23
82	21
83	30
84	23
85	21
86	22
87	24
88	20
89	31
90	32
91	21
92	30
93	28
94	19
95	27
96	26
97	22
98	28
99	22
100	19
101	30
102	25
103	25
104	18
105	21
106	25
107	21
108	30
109	29
110	21
111	27
112	32
113	30
114	16
115	29
116	22
117	28
118	22
119	30
120	22
121	34
122	22
123	24
124	24
125	28
126	24
127	19
128	25
129	20
130	24
131	29
132	24
133	25
134	25
135	27
136	21
137	20
138	22
139	25
140	31
141	28
142	24
143	25
144	33
145	25
146	24
147	27
148	26
149	29
150	29
151	20
152	24
153	17
154	19
155	20
156	31
157	30
158	24
159	20
160	30
161	26
162	27
163	25
164	35
165	30
166	25
167	16
168	27
169	20
170	25
171	27
172	17
173	28
174	23
175	23
176	30
177	24
178	16
179	19
180	20
181	28
182	29
183	23
184	24
185	31
186	21
187	30
188	25
189	23
190	30
191	28
192	22
193	28
194	19
195	31
196	22
197	27
198	31
199	25
200	22
201	23
202	28
203	24
204	30
205	35
206	25
207	33
208	26
209	17
210	25
211	28
212	27
213	26
214	29
215	22
216	25
217	31
218	33
219	17
220	27
221	28
222	29
223	18
224	20
225	27
226	19
227	21
228	31
229	28
230	27
231	22
232	29
233	26
234	23
235	24
236	24
237	30
238	25
239	22
240	30
241	18
242	23
243	22
244	24
245	19
246	28
247	23
248	29
249	20
250	23
251	23
252	22
253	33
254	28
255	27
