0	92
1	25
2	25
3	14
4	20
5	30
6	29
7	16
8	27
9	19
10	26
11	33
12	32
13	30
14	25
15	21
16	26
17	24
18	29
19	28
20	28
21	22
22	28
23	26
24	29
25	26
26	25
27	20
28	24
29	23
30	23
31	24
32	24
33	26
34	30
35	27
36	22
37	19
38	21
39	21
40	13
41	27
42	24
43	20
44	21
45	29
46	18
47	28
48	23
49	15
50	29
51	25
52	27
53	33
54	29
55	24
56	18
57	25
58	23
59	23
60	28
61	28
62	23
63	24
64	22
65	17
66	15
67	21
68	22
69	26
70	18
71	24
72	24
73	29
74	26
75	25
76	32
77	23
78	23
79	28
80	22
81	32
82	24
83	22
84	24
85	26
86	27
87	29
88	25
89	33
90	11
91	28
92	35
93	22
94	25
95	27
96	31
97	25
98	22
99	23
100	20
101	31
102	22
103	21
104	18
105	32
106	17
107	22
108	26
109	34
110	23
111	32
112	27
113	36
114	23
115	30
116	22
117	21
118	29
119	20
120	27
121	24
122	24
123	29
124	27
125	25
126	27
127	32
128	25
129	34
130	28
131	23
132	24
133	22
134	31
135	32
136	23
137	27
138	21
139	26
140	30
141	29
142	23
143	32
144	32
145	23
146	30
147	25
148	25
149	24
150	23
151	30
152	18
153	20
154	28
155	36
156	26
157	26
158	26
159	25
160	31
161	21
162	28
163	24
164	27
165	38
166	32
167	26
168	23
169	27
170	28
171	22
172	26
173	24
174	24
175	25
176	28
177	25
178	19
179	25
180	26
181	19
182	23
183	25
184	27
185	24
186	23
187	29
188	25
189	20
190	23
191	22
192	26
193	26
194	31
195	27
196	26
197	21
198	20
199	27
200	26
201	26
202	23
203	40
204	25
205	26
206	20
207	17
208	21
209	30
210	24
211	20
212	22
213	28
214	27
215	24
216	20
217	25
218	18
219	28
220	28
221	25
222	22
223	17
224	26
225	23
226	33
227	20
228	31
229	29
230	22
231	32
232	33
233	24
234	24
235	26
236	20
237	24
238	18
239	25
240	23
241	31
242	27
243	21
244	26
245	24
246	27
247	25
248	32
249	25
250	23
251	20
252	22
253	27
254	22
255	26
